Trx|7581|1|2018-Jun-05 14:33:51.525949|36|3|2018-Jun-05 14:33:51.113990|1|7526630|0||0|0|0|448|2|0|3804|0|||||||1|0||0||||1|2||||2018-Jun-05 14:33:51.506279|0||1||||||||0|||||||||2018-Jun-05 14:33:51.113990|2|0|||0|                                                       
Trx|7581|1|2018-Jun-05 14:34:05.925961|36|2|2018-Jun-05 14:34:05.274026|1|7526631|0||0|0|0|551|2|0|2556|0|||||||1|0||0||||1|2||||2018-Jun-05 14:34:05.905272|0||1||||||||0|||||||||2018-Jun-05 14:34:05.273926|1|0|||0|                                                       
Trx|7581|1|2018-Jun-05 14:34:37.545949|36|3|2018-Jun-05 14:34:37.083995|1|7526632|0||0|0|0|491|2|0|3546|0|0|||0||0|0|0||0||||0|2||||2018-Jun-05 14:34:37.517275|0||0||||||||0|||||||||2018-Jun-05 14:34:37.083995|2|0|||0|1|AVIPayment|7579|25|2018-Jun-05 14:34:39.551982|2018-Jun-05 14:34:37.457000|||TEX.02310324|1|G||||||0||0|0|||5|||2018-Jun-05 14:34:38.083004|||-63|0|||||0|
Trx|7581|1|2018-Jun-05 14:34:49.845971|36|2|2018-Jun-05 14:34:49.294000|1|7526633|0||0|0|0|507|2|0|2908|0|||||||1|0||0||||1|2||||2018-Jun-05 14:34:49.821270|0||1||||||||0|||||||||2018-Jun-05 14:34:49.294000|1|0|||0|                                                        
Trx|7581|1|2018-Jun-05 14:35:04.456962|36|4|2018-Jun-05 14:35:03.965000|1|7526634|0||0|0|0|570|2|0|3404|0|0|||0||0|0|0||0||||0|2||||2018-Jun-05 14:35:04.440282|0||0||||||||0|||||||||2018-Jun-05 14:35:03.965000|3|0|||0|1|AVIPayment|7579|25|2018-Jun-05 14:35:06.934026|2018-Jun-05 14:35:04.356000|||HCTR07406707|1|G||||||0||0|0|||8|||2018-Jun-05 14:35:05.230644|||92|0|||||0|                                                                                                                                                                         
Trx|7581|1|2018-Jun-05 14:35:03.926000|36|3|2018-Jun-05 14:35:03.304000|1|7526635|0||1|0|0|768|2|0|3138|0|||||||1|0||0||||1|2||||2018-Jun-05 14:35:03.889275|0||1||||||||0|||||||||2018-Jun-05 14:35:03.304000|2|0|||0|                                                       
Trx|7581|1|2018-Jun-05 14:35:51.937000|36|5|2018-Jun-05 14:35:51.364949|1|7526636|0||1|0|0|743|2|0|3220|0|0|||0||0|0|0||0||||0|2||||2018-Jun-05 14:35:51.915288|0||0||||||||0|||||||||2018-Jun-05 14:35:51.364949|4|0|||0|1|AVIPayment|7579|25|2018-Jun-05 14:35:53.941988|2018-Jun-05 14:35:51.777000|||TEX.02107063|1|G||||||0||0|0|||8|||2018-Jun-05 14:35:52.616334|||827|0|||||0|
Trx|7581|1|2018-Jun-05 14:35:54.417000|36|4|2018-Jun-05 14:35:53.365000|1|7526637|0||0|0|0|1959|4|0|2917|0|||||||1|0||0||||1|4||||2018-Jun-05 14:35:54.406283|0||1||||||||0|||||||||2018-Jun-05 14:35:53.365000|3|0|||0|
Trx|7581|1|2018-Jun-05 14:36:01.756911|36|5|2018-Jun-05 14:36:01.234963|1|7526638|0||0|0|0|396|2|0|2867|0|0|||0||0|0|0||0||||0|2||||2018-Jun-05 14:36:01.739292|0||0||||||||0|||||||||2018-Jun-05 14:36:01.234963|4|0|||0|1|AVIPayment|7579|25|2018-Jun-05 14:36:03.954049|2018-Jun-05 14:36:01.683000|||TEX.04034215|1|G||||||0||0|0|||9|||2018-Jun-05 14:36:02.515796|||0|0|||||0|
Trx|7581|1|2018-Jun-05 14:36:00.946992|36|5|2018-Jun-05 14:36:00.404946|1|7526639|0||0|0|0|446|2|0|2946|0|||||||1|0||0||||1|2||||2018-Jun-05 14:36:00.915293|0||1||||||||0|||||||||2018-Jun-05 14:36:00.404946|4|0|||0|
Trx|7581|1|2018-Jun-05 14:36:01.607000|36|4|2018-Jun-05 14:36:00.565053|1|7526640|0||0|0|0|2027|5|0|3034|0|||||||1|0||0||||1|5||||2018-Jun-05 14:36:01.587287|0||1||||||||0|||||||||2018-Jun-05 14:36:00.564953|3|0|||0|
Trx|7581|1|2018-Jun-05 14:36:02.936993|36|5|2018-Jun-05 14:36:02.415000|1|7526641|0||0|0|0|422|2|0|2969|0|||||||1|0||0||||1|2||||2018-Jun-05 14:36:02.905334|0||1||||||||0|||||||||2018-Jun-05 14:36:02.415000|4|0|||0|
Trx|7581|1|2018-Jun-05 14:36:08.676000|36|3|2018-Jun-05 14:36:07.634043|1|7526642|0||0|0|0|1991|5|0|3010|0|||||||1|0||0||||1|5||||2018-Jun-05 14:36:08.652277|0||1||||||||0|||||||||2018-Jun-05 14:36:07.633943|2|0|||0|
Trx|7581|1|2018-Jun-05 14:36:30.105997|36|3|2018-Jun-05 14:36:29.615000|1|7526643|0||0|0|0|519|2|0|3311|0|0|||0||0|0|0||0||||0|2||||2018-Jun-05 14:36:30.076299|0||0||||||||0|||||||||2018-Jun-05 14:36:29.615000|2|0|||0|1|AVIPayment|7579|25|2018-Jun-05 14:36:32.112026|2018-Jun-05 14:36:29.999000|||TEX.02861312|1|G||||||0||0|0|||7|||2018-Jun-05 14:36:30.912503|||393|0|||||0|
Trx|7581|1|2018-Jun-05 14:36:46.486000|36|3|2018-Jun-05 14:36:45.994000|1|7526644|0||0|0|0|592|2|0|3447|0|0|||0||0|0|0||0||||0|2||||2018-Jun-05 14:36:46.459283|0||0||||||||0|||||||||2018-Jun-05 14:36:45.994000|2|0|||0|1|AVIPayment|7579|25|2018-Jun-05 14:36:48.491981|2018-Jun-05 14:36:46.338000|||TEX.03949189|1|G||||||0||0|0|||3|||2018-Jun-05 14:36:47.232433|||0|0|||||0|
Trx|7581|1|2018-Jun-05 14:36:48.066000|36|3|2018-Jun-05 14:36:47.594000|1|7526645|0||0|0|0|443|2|0|3337|0|||||||1|0||0||||1|2||||2018-Jun-05 14:36:48.032288|0||1||||||||0|||||||||2018-Jun-05 14:36:47.594000|2|0|||0|
Trx|7581|1|2018-Jun-05 14:36:50.976000|36|3|2018-Jun-05 14:36:50.424000|1|7526646|0||0|0|0|472|2|0|2858|0|0|||0||0|0|0||0||||0|2||||2018-Jun-05 14:36:50.945279|0||0||||||||0|||||||||2018-Jun-05 14:36:50.424000|2|0|||0|1|AVIPayment|7579|25|2018-Jun-05 14:36:53.000988|2018-Jun-05 14:36:50.874000|||TEX.03632085|1|G||||||0||0|0|||5|||2018-Jun-05 14:36:51.702304|||0|0|||||0|
Trx|7581|1|2018-Jun-05 14:37:00.987000|36|4|2018-Jun-05 14:37:00.515000|1|7526647|0||0|0|0|560|2|0|3604|0|||||||1|0||0||||1|2||||2018-Jun-05 14:37:00.959285|0||1||||||||0|||||||||2018-Jun-05 14:37:00.515000|3|0|||0|
Trx|7581|1|2018-Jun-05 14:37:05.346000|36|3|2018-Jun-05 14:37:04.544000|1|7526648|0||0|0|0|1034|3|0|2642|0|0|||0||0|0|0||0||||0|3||||2018-Jun-05 14:37:05.322278|0||0||||||||0|||||||||2018-Jun-05 14:37:04.544000|2|0|||0|1|AVIPayment|7579|25|2018-Jun-05 14:37:07.351985|2018-Jun-05 14:37:04.951000|||DNT.09094988|1|G||||||0||0|0|||4|||2018-Jun-05 14:37:05.572485|||182|0|||||0|
Trx|7581|1|2018-Jun-05 14:37:25.076600|36|3|2018-Jun-05 14:37:24.055000|1|7526649|0||0|0|0|2061|4|0|3168|0|||||||1|0||0||||1|4||||2018-Jun-05 14:37:25.047278|0||1||||||||0|||||||||2018-Jun-05 14:37:24.044000|2|0|||0|
Trx|7581|1|2018-Jun-05 14:37:25.737000|36|4|2018-Jun-05 14:37:25.305000|1|7526650|0||0|0|0|470|2|0|3535|0|||||||1|0||0||||1|2||||2018-Jun-05 14:37:25.721284|0||1||||||||0|||||||||2018-Jun-05 14:37:25.305000|3|0|||0|
Trx|7581|1|2018-Jun-05 14:37:31.857000|36|4|2018-Jun-05 14:37:31.345000|1|7526651|0||0|0|0|574|2|0|3276|0|||||||1|0||0||||1|2||||2018-Jun-05 14:37:31.829280|0||1||||||||0|||||||||2018-Jun-05 14:37:31.345000|3|0|||0|
Trx|7581|1|2018-Jun-05 14:37:50.792700|36|3|2018-Jun-05 14:37:50.285700|1|7526652|0||0|0|0|453|2|0|3045|0|0|||0||0|0|0||0||||0|2||||2018-Jun-05 14:37:50.770278|0||0||||||||0|||||||||2018-Jun-05 14:37:50.285700|2|0|||0|1|AVIPayment|7579|25|2018-Jun-05 14:37:53.292980|2018-Jun-05 14:37:50.662000|||TEX.04024884|1|G||||||0||0|0|||2|||2018-Jun-05 14:37:51.612494|||0|0|||||0|
Trx|7581|1|2018-Jun-05 14:37:53.767000|36|5|2018-Jun-05 14:37:53.265000|1|7526653|0||0|0|0|564|2|0|3400|0|0|||0||0|0|0||0||||0|2||||2018-Jun-05 14:37:53.737286|0||0||||||||0|||||||||2018-Jun-05 14:37:53.265000|4|0|||0|1|AVIPayment|7579|25|2018-Jun-05 14:37:55.771980|2018-Jun-05 14:37:53.656000|||TEX.03055141|1|G||||||0||0|0|||9|||2018-Jun-05 14:37:54.345767|||1373|0|||||0|
Trx|7581|1|2018-Jun-05 14:37:55.515960|36|3|2018-Jun-05 14:37:55.074000|1|7526654|0||0|0|0|479|2|0|3625|0|||||||1|0||0||||1|2||||2018-Jun-05 14:37:55.489279|0||1||||||||0|||||||||2018-Jun-05 14:37:55.075000|2|0|||0|
Trx|7581|1|2018-Jun-05 14:38:08.357000|36|4|2018-Jun-05 14:38:07.885000|1|7526655|0||0|0|0|570|2|0|3569|0|0|||0||0|0|0||0||||0|2||||2018-Jun-05 14:38:08.333285|0||0||||||||0|||||||||2018-Jun-05 14:38:07.885000|3|0|||0|1|AVIPayment|7579|25|2018-Jun-05 14:38:10.362004|2018-Jun-05 14:38:08.263000|||DNT.14399488|1|G||||||0||0|0|||7|||2018-Jun-05 14:38:09.270329|||1244|0|||||0|
Trx|7581|1|2018-Jun-05 14:38:09.896925|36|4|2018-Jun-05 14:38:09.414973|1|7526656|0||0|0|0|585|2|0|3552|0|0|||0||0|0|0||0||||0|2||||2018-Jun-05 14:38:09.868244|0||0||||||||0|||||||||2018-Jun-05 14:38:09.414973|3|0|||0|1|AVIPayment|7579|25|2018-Jun-05 14:38:12.365987|2018-Jun-05 14:38:09.774000|||TEX.04036867|1|G||||||0||0|0|||2|||2018-Jun-05 14:38:10.759688|||0|0|||||0|
